200 200

3000
0 1
0 29
0 33
0 35
0 80
0 95
0 97
0 106
0 113
0 116
0 119
0 120
0 123
0 148
0 168
0 173
1 2
1 19
1 37
1 45
1 50
1 54
1 69
1 72
1 118
1 134
1 157
1 190
2 19
2 29
2 80
2 116
2 141
2 160
2 176
2 198
3 6
3 10
3 23
3 40
3 44
3 71
3 84
3 90
3 103
3 107
3 116
3 144
3 157
3 161
3 182
4 1
4 10
4 44
4 49
4 88
4 102
4 145
4 146
4 153
4 173
4 196
5 23
5 39
5 48
5 55
5 57
5 63
5 75
5 83
5 86
5 101
5 102
5 104
5 147
5 152
5 160
5 166
5 178
5 181
5 190
6 7
6 17
6 21
6 25
6 32
6 38
6 44
6 58
6 66
6 73
6 99
6 105
6 128
6 144
6 150
6 173
6 189
7 7
7 19
7 28
7 32
7 66
7 73
7 80
7 105
7 109
7 112
7 151
7 160
7 170
7 189
8 1
8 14
8 20
8 41
8 53
8 85
8 108
8 133
8 138
8 153
8 164
8 173
8 182
8 183
8 198
9 8
9 13
9 18
9 37
9 46
9 48
9 59
9 66
9 88
9 106
9 114
9 126
9 150
9 152
9 156
9 160
9 161
9 164
9 191
9 194
10 10
10 23
10 29
10 60
10 65
10 71
10 83
10 119
10 127
10 146
10 153
10 161
10 183
10 198
11 13
11 14
11 29
11 32
11 33
11 49
11 59
11 71
11 97
11 104
11 128
11 153
11 194
12 10
12 21
12 79
12 100
12 101
12 106
12 111
12 123
12 143
12 147
12 156
12 169
13 20
13 29
13 43
13 47
13 54
13 80
13 92
13 95
13 120
13 125
13 137
13 151
13 160
13 166
14 1
14 47
14 69
14 109
14 119
14 121
14 124
14 125
14 137
14 139
14 142
14 175
14 187
15 10
15 13
15 61
15 62
15 69
15 94
15 133
15 154
15 178
16 2
16 6
16 12
16 22
16 28
16 38
16 65
16 99
16 107
16 117
16 186
16 188
16 190
17 13
17 45
17 48
17 107
17 115
17 117
17 168
17 193
18 8
18 12
18 84
18 99
18 135
18 140
18 154
18 182
18 199
19 0
19 18
19 25
19 58
19 60
19 63
19 67
19 83
19 94
19 98
19 164
19 172
19 187
19 188
20 19
20 38
20 58
20 67
20 83
20 91
20 126
20 128
20 145
20 163
20 164
20 170
20 182
20 197
21 10
21 23
21 25
21 45
21 55
21 80
21 113
21 134
21 151
21 166
21 189
21 191
22 6
22 9
22 11
22 28
22 104
22 128
22 137
22 139
22 150
22 171
22 175
22 177
22 185
22 195
23 13
23 19
23 37
23 43
23 72
23 78
23 88
23 90
23 102
23 113
23 135
23 159
23 175
23 192
23 196
24 29
24 37
24 39
24 41
24 42
24 45
24 46
24 52
24 56
24 71
24 102
24 103
24 107
24 109
24 113
24 114
24 122
24 133
24 140
24 143
24 156
24 161
24 178
24 186
24 188
25 30
25 36
25 50
25 60
25 79
25 90
25 94
25 97
25 123
25 143
25 153
25 169
26 6
26 12
26 20
26 32
26 33
26 36
26 48
26 62
26 75
26 88
26 94
26 103
26 105
26 119
26 122
26 143
26 153
26 173
27 3
27 20
27 51
27 64
27 93
27 157
27 172
27 179
27 180
27 194
27 196
28 18
28 37
28 86
28 111
28 159
28 177
28 180
28 195
29 1
29 11
29 19
29 23
29 26
29 46
29 61
29 72
29 79
29 83
29 113
29 129
29 159
29 168
30 2
30 5
30 14
30 21
30 30
30 41
30 46
30 58
30 60
30 66
30 69
30 97
30 105
30 113
30 130
30 144
30 145
30 170
30 172
30 185
31 0
31 1
31 16
31 17
31 19
31 31
31 41
31 42
31 64
31 65
31 68
31 71
31 89
31 100
31 117
31 118
31 134
31 146
32 5
32 20
32 25
32 33
32 36
32 55
32 59
32 62
32 84
32 88
32 108
32 109
32 123
32 137
32 157
32 176
32 179
33 12
33 15
33 17
33 21
33 23
33 26
33 27
33 38
33 49
33 62
33 68
33 100
33 152
33 163
33 190
33 195
34 3
34 10
34 11
34 48
34 50
34 71
34 78
34 114
34 121
34 153
34 155
34 168
34 183
34 192
34 197
35 5
35 13
35 19
35 89
35 114
35 119
35 128
35 177
35 179
35 186
36 7
36 13
36 23
36 44
36 51
36 52
36 54
36 57
36 78
36 107
36 116
36 120
36 143
36 165
36 167
36 168
36 181
36 183
36 193
36 197
37 14
37 41
37 42
37 56
37 62
37 98
37 129
37 131
37 132
37 148
37 170
37 192
37 199
38 21
38 39
38 40
38 52
38 63
38 66
38 87
38 91
38 99
38 106
38 107
38 112
38 132
38 146
38 153
38 167
38 174
38 175
38 187
38 195
39 49
39 55
39 59
39 73
39 79
39 122
39 131
39 166
39 167
39 172
39 187
39 196
40 3
40 15
40 43
40 54
40 61
40 63
40 104
40 106
40 146
40 148
40 152
40 163
40 196
41 6
41 9
41 24
41 42
41 49
41 69
41 80
41 86
41 94
41 110
41 113
41 146
41 170
41 189
41 197
42 25
42 38
42 51
42 53
42 60
42 72
42 99
42 107
42 114
42 123
42 132
42 155
42 160
43 28
43 39
43 44
43 46
43 56
43 64
43 73
43 75
43 92
43 94
43 104
43 111
43 119
43 122
43 125
43 129
43 143
43 151
43 163
44 0
44 15
44 26
44 30
44 40
44 41
44 77
44 87
44 98
44 111
44 127
44 130
44 140
44 159
44 166
44 178
45 7
45 9
45 12
45 14
45 22
45 59
45 78
45 85
45 100
45 114
45 132
45 146
45 149
45 153
45 154
45 179
45 184
45 195
45 199
46 4
46 30
46 32
46 45
46 80
46 83
46 93
46 98
46 109
46 132
46 138
46 163
46 173
46 174
47 0
47 3
47 22
47 44
47 47
47 56
47 88
47 89
47 112
47 117
47 135
47 160
47 169
47 181
48 16
48 17
48 19
48 22
48 56
48 57
48 83
48 88
48 115
48 117
48 124
48 143
48 157
48 161
48 181
49 31
49 37
49 53
49 58
49 65
49 74
49 88
49 104
49 118
49 120
49 147
49 148
50 2
50 17
50 20
50 22
50 24
50 32
50 35
50 41
50 53
50 55
50 56
50 82
50 86
50 100
50 103
50 104
50 110
50 114
50 116
50 119
50 161
50 163
50 171
50 191
51 15
51 25
51 55
51 75
51 76
51 108
51 113
51 126
51 138
51 142
51 149
51 152
51 163
51 170
51 196
52 29
52 36
52 65
52 67
52 76
52 82
52 85
52 103
52 113
52 150
52 168
52 178
53 25
53 35
53 36
53 38
53 47
53 48
53 56
53 69
53 76
53 81
53 102
53 117
53 122
53 126
53 129
53 144
53 150
53 153
53 157
53 173
53 197
54 1
54 16
54 20
54 36
54 44
54 47
54 50
54 53
54 129
54 134
54 138
54 153
54 156
54 158
54 167
54 168
54 178
54 192
54 195
55 8
55 13
55 22
55 34
55 35
55 50
55 72
55 91
55 99
55 121
55 124
55 129
55 149
55 182
56 20
56 29
56 30
56 49
56 53
56 60
56 64
56 66
56 80
56 115
56 123
56 125
56 161
56 167
56 172
57 11
57 61
57 64
57 80
57 89
57 92
57 94
57 108
57 110
57 113
57 122
57 144
57 158
57 162
57 163
57 168
57 177
57 179
58 10
58 19
58 23
58 35
58 37
58 53
58 77
58 93
58 95
58 96
58 101
58 108
58 117
58 126
58 133
58 142
58 144
58 169
58 178
58 183
58 185
58 199
59 6
59 33
59 44
59 56
59 57
59 68
59 76
59 103
59 105
59 125
59 129
59 133
59 146
59 170
59 180
59 186
60 2
60 7
60 52
60 62
60 66
60 74
60 119
60 132
60 136
60 145
60 163
60 170
60 175
60 176
61 23
61 25
61 52
61 61
61 64
61 65
61 67
61 113
61 114
61 124
61 125
61 162
61 163
61 164
61 195
61 198
61 199
62 14
62 24
62 34
62 40
62 44
62 52
62 53
62 60
62 64
62 91
62 106
62 111
62 119
62 138
62 141
62 176
62 192
62 196
63 8
63 21
63 22
63 24
63 25
63 32
63 36
63 55
63 59
63 61
63 75
63 78
63 81
63 83
63 87
63 91
63 119
63 124
63 132
63 142
63 145
63 163
63 178
63 192
63 199
64 8
64 12
64 16
64 43
64 60
64 61
64 70
64 73
64 79
64 81
64 128
64 148
64 160
64 167
64 179
64 198
65 38
65 52
65 60
65 65
65 70
65 74
65 76
65 77
65 100
65 120
65 125
65 137
65 143
65 155
65 163
65 167
65 178
65 182
66 1
66 15
66 21
66 26
66 39
66 40
66 66
66 77
66 102
66 130
66 147
66 148
66 155
66 158
66 161
66 164
66 168
66 172
66 181
67 25
67 28
67 30
67 34
67 37
67 41
67 54
67 61
67 75
67 76
67 87
67 89
67 113
67 115
67 116
67 147
67 159
67 165
67 170
68 32
68 37
68 44
68 45
68 56
68 64
68 69
68 74
68 83
68 87
68 96
68 121
68 123
68 132
68 142
68 154
68 160
68 175
68 177
68 191
68 194
69 2
69 10
69 26
69 28
69 37
69 39
69 54
69 55
69 58
69 60
69 66
69 67
69 83
69 98
69 128
69 161
69 169
69 177
69 197
70 29
70 51
70 53
70 62
70 100
70 137
70 177
70 198
70 199
71 12
71 29
71 48
71 73
71 76
71 80
71 89
71 92
71 94
71 115
71 124
71 132
71 143
71 158
71 178
71 186
72 14
72 21
72 34
72 58
72 68
72 70
72 76
72 78
72 108
72 167
72 177
73 3
73 26
73 60
73 67
73 89
73 95
73 97
73 115
73 127
73 149
73 150
73 159
74 4
74 14
74 15
74 65
74 82
74 88
74 94
74 97
74 104
74 149
74 151
74 160
74 169
74 192
74 197
74 199
75 72
75 78
75 86
75 95
75 100
75 101
75 104
75 109
75 116
75 144
75 151
76 1
76 5
76 30
76 45
76 47
76 103
76 107
76 110
76 113
76 124
76 129
76 133
76 139
76 142
76 154
76 170
76 172
76 176
77 0
77 5
77 54
77 64
77 122
77 142
77 150
77 165
77 180
78 0
78 1
78 9
78 20
78 27
78 42
78 48
78 63
78 71
78 99
78 121
78 132
78 141
78 148
78 165
78 167
78 174
78 186
78 198
79 6
79 14
79 45
79 88
79 90
79 119
79 129
79 138
79 142
79 144
79 148
79 154
79 180
79 183
79 190
80 3
80 36
80 52
80 93
80 115
80 124
80 125
80 136
80 153
80 156
80 162
80 190
81 1
81 6
81 14
81 39
81 40
81 71
81 83
81 108
81 110
81 114
81 126
81 170
81 173
81 174
81 178
81 179
82 7
82 17
82 22
82 40
82 42
82 58
82 80
82 102
82 118
82 145
82 151
82 155
82 181
83 41
83 72
83 99
83 132
83 136
83 143
83 144
83 197
84 8
84 37
84 47
84 53
84 65
84 77
84 100
84 113
84 124
84 146
84 152
84 154
84 166
84 192
85 13
85 46
85 76
85 86
85 105
85 107
85 117
85 134
85 146
85 154
85 164
85 171
85 173
85 195
86 13
86 17
86 22
86 28
86 30
86 33
86 39
86 40
86 41
86 102
86 146
86 151
86 153
86 155
86 157
86 174
86 175
86 191
86 192
86 198
87 40
87 43
87 56
87 64
87 67
87 77
87 78
87 88
87 99
87 108
87 110
87 118
87 150
87 179
88 7
88 11
88 19
88 38
88 46
88 51
88 58
88 61
88 69
88 96
88 108
88 126
88 154
88 155
88 167
88 170
89 3
89 11
89 34
89 36
89 48
89 56
89 67
89 68
89 78
89 83
89 90
89 93
89 97
89 99
89 106
89 123
89 136
89 155
89 162
89 167
89 169
89 190
89 198
90 3
90 20
90 24
90 37
90 63
90 72
90 86
90 91
90 118
90 156
90 174
90 175
90 180
90 190
91 0
91 12
91 14
91 65
91 82
91 103
91 113
91 126
91 138
91 160
91 161
91 168
91 169
91 175
91 180
91 192
92 56
92 57
92 59
92 81
92 147
92 169
92 170
92 190
93 9
93 12
93 27
93 39
93 69
93 71
93 73
93 113
93 136
93 148
93 155
93 168
94 14
94 39
94 47
94 49
94 72
94 85
94 87
94 89
94 91
94 96
94 101
94 105
94 119
94 142
94 158
94 161
94 178
94 185
94 193
95 4
95 9
95 10
95 12
95 13
95 21
95 41
95 67
95 78
95 92
95 98
95 100
95 107
95 114
95 116
95 162
95 163
95 191
95 195
96 9
96 20
96 23
96 28
96 38
96 66
96 83
96 101
96 115
96 144
96 177
96 196
97 4
97 24
97 69
97 73
97 90
97 98
97 101
97 126
97 153
97 168
97 175
97 190
97 194
98 14
98 38
98 44
98 49
98 51
98 77
98 86
98 114
98 145
98 146
98 151
98 165
98 170
98 199
99 12
99 23
99 55
99 72
99 85
99 92
99 94
99 126
99 138
99 149
99 167
99 173
100 34
100 64
100 87
100 90
100 139
100 151
100 156
100 162
100 186
100 191
101 9
101 33
101 61
101 74
101 81
101 87
101 92
101 100
101 107
101 119
101 124
101 127
101 141
101 176
101 178
101 190
102 0
102 23
102 30
102 48
102 83
102 91
102 92
102 94
102 122
102 172
102 173
102 193
102 194
103 5
103 50
103 54
103 83
103 112
103 117
103 119
103 131
103 138
103 148
103 162
103 169
103 170
103 175
103 177
104 38
104 41
104 42
104 48
104 54
104 62
104 83
104 88
104 101
104 103
104 112
104 120
104 147
104 153
104 175
104 180
104 190
104 193
105 5
105 10
105 17
105 53
105 55
105 56
105 87
105 109
105 112
105 119
105 120
105 132
105 142
105 144
105 154
105 158
105 165
106 0
106 18
106 19
106 57
106 59
106 98
106 100
106 105
106 120
106 124
106 149
106 156
106 163
106 191
107 6
107 19
107 37
107 54
107 57
107 59
107 67
107 69
107 87
107 93
107 107
107 108
107 109
107 119
107 145
107 155
107 159
107 168
107 176
107 181
107 199
108 0
108 1
108 14
108 18
108 56
108 65
108 70
108 93
108 101
108 103
108 111
108 113
108 117
108 127
108 136
108 152
108 168
109 9
109 15
109 22
109 28
109 57
109 76
109 80
109 85
109 99
109 120
109 170
109 196
110 6
110 25
110 30
110 39
110 47
110 49
110 56
110 57
110 92
110 94
110 119
110 126
110 134
110 142
110 165
110 178
110 187
110 192
110 194
110 195
110 198
111 5
111 15
111 31
111 38
111 68
111 85
111 94
111 97
111 112
111 137
111 171
111 172
111 173
111 176
111 186
112 0
112 1
112 27
112 32
112 62
112 73
112 83
112 88
112 132
112 134
112 139
112 145
112 183
112 186
113 39
113 48
113 53
113 69
113 72
113 110
113 127
113 174
114 22
114 29
114 34
114 45
114 47
114 49
114 55
114 73
114 74
114 100
114 125
114 128
114 142
114 143
114 146
114 172
114 174
114 175
114 179
115 9
115 36
115 48
115 55
115 79
115 99
115 126
115 128
115 129
115 149
115 156
115 191
115 193
116 18
116 39
116 45
116 55
116 74
116 97
116 99
116 101
116 137
116 166
116 187
116 188
116 191
117 2
117 4
117 47
117 62
117 64
117 68
117 72
117 96
117 152
117 165
118 0
118 4
118 9
118 18
118 27
118 41
118 75
118 151
119 15
119 16
119 41
119 52
119 64
119 71
119 76
119 81
119 105
119 157
119 158
119 164
119 167
120 1
120 8
120 9
120 25
120 36
120 58
120 71
120 72
120 80
120 85
120 97
120 105
120 121
120 129
120 131
120 148
120 156
120 157
120 163
120 173
120 182
121 9
121 11
121 35
121 40
121 49
121 61
121 68
121 111
121 142
121 149
121 154
121 165
122 7
122 28
122 65
122 76
122 105
122 108
122 114
122 130
122 158
122 174
122 175
122 184
122 194
123 13
123 18
123 26
123 36
123 38
123 52
123 77
123 94
123 122
123 144
123 146
123 164
123 166
123 179
124 32
124 45
124 87
124 92
124 97
124 105
124 116
124 121
125 9
125 14
125 45
125 52
125 63
125 64
125 65
125 88
125 102
125 108
125 114
125 119
125 146
125 149
125 182
125 194
125 195
125 196
126 15
126 21
126 73
126 84
126 93
126 104
126 122
126 128
126 141
126 146
126 155
126 157
126 169
126 196
127 15
127 34
127 35
127 55
127 57
127 68
127 73
127 101
127 119
127 122
127 150
127 159
127 167
127 176
127 177
127 197
127 198
128 0
128 6
128 47
128 61
128 62
128 63
128 84
128 90
128 94
128 95
128 120
128 132
128 157
128 168
128 183
128 196
129 0
129 17
129 26
129 64
129 67
129 78
129 80
129 82
129 86
129 101
129 102
129 160
129 174
129 176
129 184
130 16
130 30
130 33
130 41
130 42
130 58
130 77
130 97
130 110
130 115
130 139
130 147
130 152
130 174
130 176
130 181
130 197
131 19
131 27
131 36
131 41
131 46
131 56
131 62
131 83
131 87
131 100
131 131
131 133
131 165
131 184
131 190
131 193
132 21
132 34
132 56
132 73
132 80
132 117
132 125
132 126
132 140
132 141
132 166
132 176
132 198
133 4
133 7
133 20
133 26
133 31
133 58
133 80
133 97
133 98
133 105
133 133
133 139
133 147
133 196
134 21
134 23
134 30
134 33
134 46
134 48
134 50
134 52
134 61
134 65
134 108
134 114
134 138
134 154
134 180
134 186
134 187
134 193
135 5
135 48
135 63
135 65
135 69
135 80
135 83
135 84
135 95
135 144
135 184
135 194
136 1
136 3
136 40
136 46
136 47
136 72
136 76
136 83
136 84
136 96
136 97
136 114
136 121
136 159
136 160
136 174
136 198
137 5
137 19
137 32
137 40
137 46
137 57
137 64
137 74
137 86
137 107
137 113
137 122
137 141
137 151
138 6
138 7
138 26
138 42
138 46
138 53
138 58
138 63
138 92
138 129
138 141
138 170
138 189
139 2
139 15
139 24
139 36
139 54
139 55
139 62
139 67
139 80
139 95
139 110
139 121
139 134
139 140
139 151
139 163
139 175
139 193
140 1
140 10
140 18
140 33
140 37
140 54
140 67
140 122
140 129
140 143
140 155
140 161
140 162
140 185
141 4
141 6
141 13
141 18
141 25
141 30
141 37
141 65
141 74
141 100
141 114
141 118
141 119
141 145
141 148
141 169
141 187
142 18
142 37
142 63
142 69
142 75
142 77
142 80
142 95
142 107
142 109
142 133
142 144
142 157
142 169
142 176
142 184
142 185
143 0
143 29
143 60
143 78
143 80
143 100
143 117
143 130
143 135
143 153
143 156
143 162
143 166
143 172
143 191
143 195
144 5
144 38
144 40
144 46
144 81
144 82
144 97
144 108
144 136
144 148
144 151
144 159
144 166
144 176
144 179
144 180
144 190
144 191
144 194
145 20
145 42
145 46
145 59
145 60
145 70
145 74
145 100
145 101
145 107
145 111
145 138
145 142
145 166
145 173
145 181
145 196
145 197
146 5
146 20
146 23
146 24
146 29
146 36
146 70
146 71
146 96
146 121
146 149
146 155
146 168
147 62
147 69
147 71
147 74
147 81
147 90
147 129
147 142
147 145
147 151
147 170
147 172
147 183
147 189
148 1
148 2
148 17
148 62
148 77
148 83
148 107
148 135
148 137
149 9
149 39
149 78
149 98
149 110
149 146
149 150
149 151
149 161
150 9
150 16
150 27
150 37
150 40
150 43
150 91
150 103
150 110
150 112
150 118
150 148
150 149
150 169
150 182
150 193
151 19
151 34
151 75
151 105
151 123
151 124
151 164
151 171
151 183
152 27
152 61
152 77
152 81
152 105
152 112
152 118
152 123
152 128
152 144
152 147
152 166
152 169
152 174
152 179
152 183
152 190
153 7
153 10
153 16
153 23
153 34
153 52
153 62
153 68
153 82
153 104
153 115
153 139
153 141
153 160
153 172
153 182
153 183
153 188
154 6
154 19
154 45
154 48
154 92
154 93
154 117
154 118
154 121
154 122
154 158
155 16
155 21
155 32
155 45
155 48
155 107
155 133
155 147
155 154
155 157
155 162
156 3
156 27
156 28
156 36
156 86
156 111
156 145
156 159
156 168
156 176
157 2
157 35
157 40
157 42
157 46
157 67
157 94
157 109
157 113
157 117
157 127
157 142
157 153
157 160
157 188
157 193
157 197
158 39
158 44
158 74
158 89
158 98
158 101
158 109
158 117
158 124
158 133
158 136
158 157
158 176
158 180
158 196
159 5
159 12
159 23
159 24
159 28
159 37
159 56
159 83
159 91
159 98
159 107
159 117
159 125
159 140
159 151
159 153
159 182
160 9
160 12
160 16
160 31
160 38
160 43
160 46
160 54
160 73
160 90
160 123
160 128
160 156
160 160
160 163
160 170
161 0
161 13
161 36
161 69
161 90
161 100
161 135
161 138
161 143
161 169
161 179
161 185
161 187
161 194
161 195
162 3
162 27
162 41
162 45
162 46
162 71
162 78
162 96
162 137
162 143
162 149
162 153
162 160
162 170
162 182
163 4
163 20
163 24
163 29
163 96
163 98
163 99
163 104
163 135
163 137
163 143
163 160
163 170
163 175
163 180
163 190
163 194
164 72
164 83
164 116
164 154
164 167
164 179
164 197
165 4
165 8
165 39
165 49
165 58
165 63
165 64
165 93
165 94
165 97
165 100
165 109
165 110
165 114
165 122
165 163
165 164
165 179
165 196
165 198
166 2
166 4
166 7
166 16
166 33
166 49
166 60
166 72
166 75
166 98
166 110
166 117
166 119
166 120
166 136
166 149
166 150
166 157
166 159
167 27
167 36
167 37
167 58
167 59
167 77
167 79
167 101
167 124
167 133
167 145
167 171
167 194
167 195
168 11
168 24
168 28
168 36
168 67
168 68
168 78
168 79
168 90
168 130
168 144
168 150
168 152
168 166
168 171
169 10
169 12
169 21
169 23
169 26
169 39
169 57
169 90
169 93
169 94
169 102
169 131
169 139
169 157
169 182
169 192
170 20
170 27
170 39
170 50
170 55
170 70
170 72
170 84
170 87
170 94
170 104
170 134
170 139
170 140
170 151
170 153
170 154
170 173
170 190
171 15
171 29
171 39
171 58
171 60
171 72
171 78
171 97
171 101
171 113
171 115
171 124
171 133
171 176
171 179
172 5
172 6
172 20
172 27
172 34
172 61
172 80
172 87
172 91
172 99
172 101
172 107
172 112
172 118
172 123
172 126
172 138
172 176
172 183
173 10
173 31
173 46
173 54
173 58
173 61
173 62
173 69
173 81
173 94
173 108
173 120
173 141
173 142
173 144
173 159
173 194
174 26
174 35
174 37
174 87
174 124
174 139
174 172
174 181
174 187
174 192
175 22
175 46
175 53
175 59
175 60
175 89
175 98
175 111
175 121
175 124
175 129
175 132
175 153
175 166
175 172
175 174
175 178
175 192
176 19
176 21
176 54
176 66
176 76
176 88
176 89
176 106
176 131
176 138
176 141
176 162
176 190
177 2
177 6
177 23
177 34
177 48
177 99
177 113
177 118
177 121
177 124
177 129
177 134
177 139
177 153
177 158
178 10
178 27
178 28
178 38
178 47
178 59
178 78
178 86
178 138
178 147
178 166
178 184
179 10
179 11
179 38
179 55
179 71
179 91
179 98
179 115
179 121
179 131
179 142
179 144
179 145
179 163
179 164
179 179
179 185
179 196
180 4
180 10
180 20
180 56
180 64
180 95
180 103
180 105
180 107
180 128
180 149
180 151
180 162
180 166
180 170
180 177
180 188
180 191
180 194
181 6
181 33
181 62
181 84
181 97
181 116
181 123
181 124
181 148
181 167
181 179
181 186
182 13
182 20
182 23
182 26
182 41
182 44
182 59
182 71
182 74
182 77
182 110
182 123
182 143
183 19
183 20
183 23
183 35
183 36
183 43
183 56
183 74
183 77
183 79
183 88
183 98
183 101
183 121
183 128
183 140
183 163
183 181
183 198
184 14
184 18
184 21
184 56
184 75
184 92
184 103
184 132
184 138
184 152
184 166
184 180
184 185
185 6
185 14
185 38
185 40
185 51
185 62
185 74
185 104
185 118
185 119
185 164
185 169
185 182
186 3
186 11
186 23
186 45
186 51
186 56
186 65
186 84
186 85
186 88
186 102
186 145
186 150
186 161
186 166
186 174
186 180
186 189
187 8
187 13
187 18
187 30
187 41
187 58
187 71
187 77
187 79
187 80
187 113
187 124
187 127
187 140
187 148
187 152
187 161
188 9
188 30
188 33
188 39
188 55
188 62
188 65
188 68
188 96
188 103
188 126
188 137
188 164
188 166
188 179
188 184
188 187
189 13
189 24
189 40
189 41
189 45
189 57
189 58
189 64
189 108
189 133
189 142
189 162
189 197
190 25
190 26
190 33
190 66
190 68
190 82
190 112
190 121
190 132
190 135
190 141
190 145
190 160
190 174
190 183
190 190
190 196
191 23
191 33
191 34
191 45
191 48
191 50
191 54
191 67
191 73
191 83
191 88
191 105
191 107
191 116
191 117
191 139
191 154
191 165
191 173
192 18
192 25
192 44
192 79
192 86
192 102
192 136
192 143
192 155
192 175
192 185
192 193
192 195
193 0
193 2
193 26
193 27
193 44
193 69
193 82
193 116
193 135
193 152
193 162
193 163
193 164
193 177
193 180
193 181
194 0
194 2
194 16
194 26
194 34
194 51
194 56
194 57
194 59
194 61
194 78
194 95
194 135
194 159
194 167
194 170
194 192
194 193
195 22
195 43
195 85
195 87
195 91
195 93
195 108
195 146
195 179
196 0
196 3
196 16
196 35
196 44
196 47
196 52
196 79
196 105
196 110
196 115
196 119
196 121
196 123
196 164
196 178
196 197
197 3
197 12
197 13
197 57
197 63
197 82
197 86
197 87
197 93
197 94
197 106
197 108
197 137
197 146
197 149
197 152
197 154
197 170
197 191
198 1
198 14
198 28
198 102
198 104
198 109
198 119
198 169
198 172
198 186
198 188
199 24
199 35
199 36
199 43
199 55
199 57
199 92
199 120
199 138
199 141
199 146
199 151
199 167
199 177
199 181
199 183

3
48 130
83 170
127 40

26
1 8 377
5 154 713
12 0 773
28 124 853
29 116 473
43 109 997
46 180 932
51 83 761
62 77 102
80 10 589
95 109 39
95 194 650
97 14 71
102 20 214
118 53 4
128 164 590
138 143 472
142 4 860
151 106 191
157 149 729
158 13 572
158 159 638
173 52 575
182 24 45
184 91 553
193 151 278
